Zadani c. 415

Metodou K-means clustering zaradte nasledujci body (x,y,z) v 3D prostoru
( 3,-7,-1) ( 3, 8, 6) ( 5,-7,-1) (-5,-4, 1) ( 5, 7, 6) (-1,-4,-3) ( 7,-5, 4) ( 5, 6,-8) (-7,-4,-1) (-8, 7, 2)
do 3 shluku s pocatecnimi stredy
( 3, 8, 6) ( 3,-7,-1) ( 7,-5, 4).

Vysledky vypoctu zaokrouhlujte na dve desetinna mista.

Iterace 0:
  (3.00, 8.00, 6.00):
    (3.00, 8.00, 6.00) (5.00, 7.00, 6.00) (5.00, 6.00, -8.00) (-8.00, 7.00, 2.00)
  (3.00, -7.00, -1.00):
    (3.00, -7.00, -1.00) (5.00, -7.00, -1.00) (-5.00, -4.00, 1.00) (-1.00, -4.00, -3.00) (-7.00, -4.00, -1.00)
  (7.00, -5.00, 4.00):
    (7.00, -5.00, 4.00)

Iterace 1:
  (1.25, 7.00, 1.50):
    (3.00, 8.00, 6.00) (5.00, 7.00, 6.00) (5.00, 6.00, -8.00) (-8.00, 7.00, 2.00)
  (-1.00, -5.20, -1.00):
    (3.00, -7.00, -1.00) (-5.00, -4.00, 1.00) (-1.00, -4.00, -3.00) (-7.00, -4.00, -1.00)
  (7.00, -5.00, 4.00):
    (7.00, -5.00, 4.00) (5.00, -7.00, -1.00)

Iterace 2:
  (1.25, 7.00, 1.50):
    (3.00, 8.00, 6.00) (5.00, 7.00, 6.00) (5.00, 6.00, -8.00) (-8.00, 7.00, 2.00)
  (-2.50, -4.75, -1.00):
    (-5.00, -4.00, 1.00) (-1.00, -4.00, -3.00) (-7.00, -4.00, -1.00)
  (6.00, -6.00, 1.50):
    (7.00, -5.00, 4.00) (5.00, -7.00, -1.00) (3.00, -7.00, -1.00)

Iterace 3:
  (1.25, 7.00, 1.50):
    (3.00, 8.00, 6.00) (5.00, 7.00, 6.00) (5.00, 6.00, -8.00) (-8.00, 7.00, 2.00)
  (-4.33, -4.00, -1.00):
    (-5.00, -4.00, 1.00) (-1.00, -4.00, -3.00) (-7.00, -4.00, -1.00)
  (5.00, -6.33, 0.67):
    (7.00, -5.00, 4.00) (5.00, -7.00, -1.00) (3.00, -7.00, -1.00)
